allTime: [2.3482322692871094]
trainTime: [2.195080280303955]
